0 0 1
0 0.066667 1
0 0.13333 1
0 0.2 1
0 0.26667 1
0 0.33333 1
0 0.4 1
0 0.46667 1
0 0.53333 1
0 0.6 1
0 0.66667 1
0 0.73333 1
0 0.8 1
0 0.86667 1
0 0.93333 1
0 1 1
0 1 1
0 1 0.93333
0 1 0.86667
0 1 0.8
0 1 0.73333
0 1 0.66667
0 1 0.6
0 1 0.53333
0 1 0.46667
0 1 0.4
0 1 0.33333
0 1 0.26667
0 1 0.2
0 1 0.13333
0 1 0.066667
0 1 0
0 1 0
0.066667 1 0
0.13333 1 0
0.2 1 0
0.26667 1 0
0.33333 1 0
0.4 1 0
0.46667 1 0
0.53333 1 0
0.6 1 0
0.66667 1 0
0.73333 1 0
0.8 1 0
0.86667 1 0
0.93333 1 0
1 1 0
1 1 0
1 0.93333 0
1 0.86667 0
1 0.8 0
1 0.73333 0
1 0.66667 0
1 0.6 0
1 0.53333 0
1 0.46667 0
1 0.4 0
1 0.33333 0
1 0.26667 0
1 0.2 0
1 0.13333 0
1 0.066667 0
1 0 0
